image: kitchen_dining.pgm
resolution: 0.050000
origin: [-4.435524, -8.125759, 0.000000]
negate: 0
occupied_thresh: 0.65
free_thresh: 0.196

